g =

   0.24952   0.24928   0.24995   0.24963   0.24923
   0.24963   0.24939   0.24994   0.24973   0.24936
   0.24967   0.24958   0.24998   0.24974   0.24953
   0.24961   0.24966   0.25000   0.24967   0.24960
   0.24949   0.24959   0.25000   0.24956   0.24951

g =

   0.24952   0.24928   0.24995   0.24963   0.24923
   0.24963   0.24939   0.24994   0.24973   0.24936
   0.24967   0.24958   0.24998   0.24974   0.24953
   0.24961   0.24966   0.25000   0.24967   0.24960
   0.24949   0.24959   0.25000   0.24956   0.24951

g =

   0.24952   0.24928   0.24995   0.24963   0.24923
   0.24963   0.24939   0.24994   0.24973   0.24936
   0.24967   0.24958   0.24998   0.24974   0.24953
   0.24961   0.24966   0.25000   0.24967   0.24960
   0.24949   0.24959   0.25000   0.24956   0.24951

g =

   0.24952   0.24928   0.24995   0.24963   0.24923
   0.24963   0.24940   0.24994   0.24973   0.24936
   0.24967   0.24958   0.24998   0.24974   0.24953
   0.24961   0.24966   0.25000   0.24967   0.24960
   0.24949   0.24959   0.25000   0.24956   0.24951

g =

   0.24952   0.24928   0.24995   0.24963   0.24923
   0.24963   0.24939   0.24994   0.24973   0.24936
   0.24967   0.24957   0.24998   0.24974   0.24953
   0.24961   0.24966   0.25000   0.24967   0.24960
   0.24949   0.24959   0.25000   0.24956   0.24951

g =

   0.24952   0.24928   0.24995   0.24963   0.24923
   0.24963   0.24939   0.24994   0.24973   0.24936
   0.24967   0.24958   0.24998   0.24974   0.24953
   0.24961   0.24966   0.25000   0.24967   0.24960
   0.24949   0.24959   0.25000   0.24956   0.24951

g =

   0.24952   0.24928   0.24995   0.24963   0.24923
   0.24963   0.24939   0.24994   0.24973   0.24936
   0.24967   0.24958   0.24998   0.24974   0.24953
   0.24961   0.24966   0.25000   0.24967   0.24960
   0.24949   0.24959   0.25000   0.24956   0.24951

g =

   0.24952   0.24928   0.24995   0.24963   0.24923
   0.24963   0.24939   0.24994   0.24973   0.24936
   0.24967   0.24958   0.24998   0.24974   0.24953
   0.24961   0.24966   0.25000   0.24966   0.24960
   0.24949   0.24959   0.25000   0.24956   0.24951

g =

   0.24952   0.24928   0.24995   0.24964   0.24923
   0.24963   0.24939   0.24994   0.24973   0.24936
   0.24967   0.24958   0.24998   0.24974   0.24953
   0.24961   0.24966   0.25000   0.24967   0.24960
   0.24949   0.24959   0.25000   0.24956   0.24951

g =

   0.24952   0.24928   0.24995   0.24963   0.24922
   0.24963   0.24939   0.24994   0.24973   0.24936
   0.24967   0.24958   0.24998   0.24974   0.24953
   0.24961   0.24966   0.25000   0.24967   0.24960
   0.24949   0.24959   0.25000   0.24956   0.24951

g =

   0.24952   0.24928   0.24995   0.24963   0.24923
   0.24963   0.24939   0.24994   0.24973   0.24936
   0.24967   0.24958   0.24998   0.24974   0.24954
   0.24961   0.24966   0.25000   0.24967   0.24960
   0.24949   0.24959   0.25000   0.24956   0.24951

g =

   0.24952   0.24928   0.24995   0.24963   0.24923
   0.24963   0.24939   0.24994   0.24973   0.24936
   0.24967   0.24958   0.24998   0.24974   0.24953
   0.24961   0.24966   0.25000   0.24967   0.24960
   0.24949   0.24959   0.25000   0.24956   0.24951

g =

   0.24952   0.24928   0.24995   0.24963   0.24923
   0.24963   0.24939   0.24994   0.24973   0.24936
   0.24967   0.24958   0.24998   0.24974   0.24953
   0.24961   0.24966   0.25000   0.24967   0.24960
   0.24949   0.24959   0.25000   0.24956   0.24951

g =

   0.24952   0.24928   0.24995   0.24963   0.24923
   0.24963   0.24939   0.24994   0.24973   0.24936
   0.24967   0.24958   0.24998   0.24974   0.24953
   0.24961   0.24966   0.25000   0.24967   0.24960
   0.24949   0.24959   0.25000   0.24956   0.24951

g =

   0.24952   0.24928   0.24995   0.24963   0.24923
   0.24963   0.24939   0.24994   0.24973   0.24936
   0.24967   0.24957   0.24998   0.24974   0.24953
   0.24961   0.24966   0.25000   0.24967   0.24960
   0.24949   0.24959   0.25000   0.24956   0.24951

g =

   0.24952   0.24928   0.24995   0.24963   0.24923
   0.24963   0.24939   0.24994   0.24973   0.24936
   0.24967   0.24958   0.24998   0.24974   0.24953
   0.24961   0.24966   0.25000   0.24967   0.24960
   0.24949   0.24959   0.25000   0.24956   0.24951

g =

   0.24952   0.24928   0.24995   0.24963   0.24923
   0.24963   0.24939   0.24994   0.24973   0.24936
   0.24967   0.24958   0.24998   0.24974   0.24953
   0.24961   0.24966   0.25000   0.24967   0.24960
   0.24949   0.24959   0.25000   0.24956   0.24951

g =

   0.24952   0.24928   0.24995   0.24963   0.24923
   0.24963   0.24939   0.24994   0.24973   0.24936
   0.24967   0.24958   0.24998   0.24974   0.24953
   0.24961   0.24966   0.25000   0.24967   0.24960
   0.24949   0.24959   0.25000   0.24956   0.24951

g =

   0.24952   0.24928   0.24995   0.24963   0.24923
   0.24963   0.24939   0.24994   0.24973   0.24936
   0.24967   0.24958   0.24998   0.24974   0.24953
   0.24961   0.24966   0.25000   0.24967   0.24960
   0.24949   0.24959   0.25000   0.24956   0.24951

g =

   0.24952   0.24928   0.24995   0.24963   0.24923
   0.24963   0.24939   0.24994   0.24973   0.24936
   0.24967   0.24958   0.24998   0.24974   0.24953
   0.24961   0.24966   0.25000   0.24967   0.24960
   0.24949   0.24959   0.25000   0.24956   0.24951

g =

   0.24952   0.24928   0.24995   0.24963   0.24923
   0.24963   0.24939   0.24994   0.24973   0.24936
   0.24967   0.24958   0.24998   0.24974   0.24953
   0.24961   0.24966   0.25000   0.24967   0.24960
   0.24949   0.24959   0.25000   0.24956   0.24951

g =

   0.24952   0.24928   0.24995   0.24963   0.24923
   0.24963   0.24939   0.24994   0.24973   0.24936
   0.24967   0.24958   0.24998   0.24974   0.24953
   0.24961   0.24966   0.25000   0.24967   0.24960
   0.24949   0.24959   0.25000   0.24956   0.24951

g =

   0.24952   0.24928   0.24995   0.24963   0.24923
   0.24963   0.24939   0.24994   0.24973   0.24936
   0.24967   0.24958   0.24998   0.24974   0.24953
   0.24961   0.24966   0.25000   0.24967   0.24960
   0.24949   0.24959   0.25000   0.24956   0.24951

g =

   0.24952   0.24928   0.24995   0.24963   0.24923
   0.24963   0.24939   0.24994   0.24973   0.24936
   0.24967   0.24958   0.24998   0.24974   0.24953
   0.24961   0.24966   0.25000   0.24967   0.24960
   0.24949   0.24959   0.25000   0.24956   0.24951

g =

   0.24952   0.24928   0.24995   0.24963   0.24923
   0.24963   0.24939   0.24994   0.24973   0.24936
   0.24967   0.24957   0.24998   0.24974   0.24953
   0.24961   0.24966   0.25000   0.24967   0.24960
   0.24949   0.24959   0.25000   0.24956   0.24951

g =

   0.24952   0.24928   0.24995   0.24963   0.24923
   0.24963   0.24939   0.24994   0.24973   0.24936
   0.24967   0.24958   0.24998   0.24974   0.24953
   0.24961   0.24966   0.25000   0.24967   0.24960
   0.24949   0.24959   0.25000   0.24956   0.24951

g =

   0.24952   0.24928   0.24995   0.24963   0.24923
   0.24963   0.24939   0.24994   0.24973   0.24936
   0.24967   0.24958   0.24998   0.24974   0.24953
   0.24961   0.24966   0.25000   0.24967   0.24960
   0.24949   0.24959   0.25000   0.24956   0.24951

g =

   0.24952   0.24928   0.24995   0.24963   0.24923
   0.24963   0.24939   0.24994   0.24973   0.24936
   0.24967   0.24958   0.24998   0.24974   0.24953
   0.24961   0.24966   0.25000   0.24967   0.24960
   0.24949   0.24959   0.25000   0.24956   0.24951

g =

   0.24952   0.24928   0.24995   0.24963   0.24923
   0.24963   0.24939   0.24994   0.24973   0.24936
   0.24967   0.24958   0.24998   0.24974   0.24953
   0.24961   0.24966   0.25000   0.24967   0.24960
   0.24949   0.24959   0.25000   0.24956   0.24951

g =

   0.24952   0.24928   0.24995   0.24963   0.24923
   0.24963   0.24939   0.24994   0.24973   0.24936
   0.24967   0.24958   0.24998   0.24974   0.24953
   0.24961   0.24966   0.25000   0.24967   0.24960
   0.24949   0.24959   0.25000   0.24956   0.24951

g =

   0.24952   0.24928   0.24995   0.24963   0.24923
   0.24963   0.24939   0.24994   0.24973   0.24936
   0.24967   0.24958   0.24998   0.24974   0.24953
   0.24961   0.24966   0.25000   0.24967   0.24960
   0.24949   0.24959   0.25000   0.24956   0.24951

g =

   0.24952   0.24928   0.24995   0.24963   0.24923
   0.24963   0.24939   0.24994   0.24973   0.24936
   0.24967   0.24958   0.24998   0.24974   0.24953
   0.24961   0.24966   0.25000   0.24967   0.24960
   0.24949   0.24959   0.25000   0.24956   0.24951

g =

   0.24952   0.24928   0.24995   0.24963   0.24923
   0.24963   0.24939   0.24994   0.24973   0.24936
   0.24967   0.24958   0.24998   0.24974   0.24953
   0.24961   0.24966   0.25000   0.24967   0.24960
   0.24949   0.24959   0.25000   0.24956   0.24951

g =

   0.24952   0.24928   0.24995   0.24963   0.24923
   0.24963   0.24939   0.24994   0.24973   0.24936
   0.24967   0.24958   0.24998   0.24974   0.24953
   0.24961   0.24966   0.25000   0.24967   0.24960
   0.24949   0.24959   0.25000   0.24956   0.24951

g =

   0.24952   0.24928   0.24995   0.24963   0.24923
   0.24963   0.24939   0.24994   0.24973   0.24936
   0.24967   0.24957   0.24998   0.24974   0.24953
   0.24961   0.24966   0.25000   0.24967   0.24960
   0.24949   0.24959   0.25000   0.24956   0.24951

g =

   0.24952   0.24928   0.24995   0.24963   0.24923
   0.24963   0.24939   0.24994   0.24973   0.24936
   0.24967   0.24958   0.24998   0.24974   0.24953
   0.24961   0.24966   0.25000   0.24967   0.24960
   0.24949   0.24959   0.25000   0.24956   0.24951

g =

   0.24952   0.24928   0.24995   0.24963   0.24923
   0.24963   0.24939   0.24994   0.24973   0.24936
   0.24967   0.24958   0.24998   0.24974   0.24953
   0.24961   0.24966   0.25000   0.24967   0.24960
   0.24949   0.24959   0.25000   0.24956   0.24951

g =

   0.24952   0.24928   0.24995   0.24963   0.24923
   0.24963   0.24939   0.24994   0.24973   0.24936
   0.24967   0.24958   0.24998   0.24974   0.24953
   0.24961   0.24966   0.25000   0.24967   0.24960
   0.24949   0.24959   0.25000   0.24956   0.24951

g =

   0.24952   0.24928   0.24995   0.24963   0.24923
   0.24963   0.24939   0.24994   0.24973   0.24936
   0.24967   0.24958   0.24998   0.24974   0.24953
   0.24961   0.24966   0.25000   0.24967   0.24960
   0.24949   0.24959   0.25000   0.24956   0.24951

g =

   0.24952   0.24928   0.24995   0.24963   0.24923
   0.24963   0.24939   0.24994   0.24973   0.24936
   0.24967   0.24958   0.24998   0.24974   0.24953
   0.24961   0.24966   0.25000   0.24967   0.24960
   0.24949   0.24959   0.25000   0.24956   0.24951

g =

   0.24952   0.24928   0.24995   0.24963   0.24923
   0.24963   0.24939   0.24994   0.24973   0.24936
   0.24967   0.24958   0.24998   0.24974   0.24953
   0.24961   0.24966   0.25000   0.24967   0.24960
   0.24949   0.24959   0.25000   0.24956   0.24951

g =

   0.24952   0.24928   0.24995   0.24963   0.24923
   0.24963   0.24939   0.24994   0.24973   0.24936
   0.24967   0.24958   0.24998   0.24974   0.24953
   0.24961   0.24966   0.25000   0.24967   0.24960
   0.24949   0.24959   0.25000   0.24956   0.24951

g =

   0.24952   0.24928   0.24995   0.24963   0.24923
   0.24963   0.24939   0.24994   0.24973   0.24936
   0.24967   0.24958   0.24998   0.24974   0.24953
   0.24961   0.24966   0.25000   0.24967   0.24960
   0.24949   0.24959   0.25000   0.24956   0.24951

g =

   0.24952   0.24928   0.24995   0.24963   0.24923
   0.24963   0.24939   0.24994   0.24973   0.24936
   0.24967   0.24958   0.24998   0.24974   0.24953
   0.24961   0.24966   0.25000   0.24967   0.24960
   0.24949   0.24959   0.25000   0.24956   0.24951

g =

   0.24952   0.24928   0.24995   0.24963   0.24923
   0.24963   0.24939   0.24994   0.24973   0.24936
   0.24967   0.24958   0.24998   0.24974   0.24953
   0.24961   0.24966   0.25000   0.24967   0.24960
   0.24949   0.24959   0.25000   0.24956   0.24951

g =

   0.24952   0.24928   0.24995   0.24963   0.24923
   0.24963   0.24939   0.24994   0.24973   0.24936
   0.24967   0.24958   0.24998   0.24974   0.24953
   0.24961   0.24966   0.25000   0.24967   0.24960
   0.24949   0.24959   0.25000   0.24956   0.24951

g =

   0.24952   0.24928   0.24995   0.24963   0.24923
   0.24963   0.24939   0.24994   0.24973   0.24936
   0.24967   0.24958   0.24998   0.24974   0.24953
   0.24961   0.24966   0.25000   0.24967   0.24960
   0.24949   0.24959   0.25000   0.24956   0.24951

g =

   0.24952   0.24928   0.24995   0.24963   0.24923
   0.24963   0.24939   0.24994   0.24973   0.24936
   0.24967   0.24958   0.24998   0.24974   0.24953
   0.24961   0.24966   0.25000   0.24967   0.24960
   0.24949   0.24959   0.25000   0.24956   0.24951

g =

   0.24952   0.24928   0.24995   0.24963   0.24923
   0.24963   0.24939   0.24994   0.24973   0.24936
   0.24967   0.24958   0.24998   0.24974   0.24953
   0.24961   0.24966   0.25000   0.24967   0.24960
   0.24949   0.24959   0.25000   0.24956   0.24951

g =

   0.24952   0.24928   0.24995   0.24963   0.24923
   0.24963   0.24939   0.24994   0.24973   0.24936
   0.24967   0.24958   0.24998   0.24974   0.24953
   0.24961   0.24966   0.25000   0.24967   0.24960
   0.24949   0.24959   0.25000   0.24956   0.24951

g =

   0.24952   0.24928   0.24995   0.24963   0.24923
   0.24963   0.24939   0.24994   0.24973   0.24936
   0.24967   0.24958   0.24998   0.24974   0.24953
   0.24961   0.24966   0.25000   0.24967   0.24960
   0.24949   0.24959   0.25000   0.24956   0.24951

g =

   0.24952   0.24928   0.24995   0.24963   0.24923
   0.24963   0.24939   0.24994   0.24973   0.24936
   0.24967   0.24958   0.24998   0.24974   0.24953
   0.24961   0.24966   0.25000   0.24967   0.24960
   0.24949   0.24959   0.25000   0.24956   0.24951

g =

   0.24952   0.24928   0.24995   0.24963   0.24923
   0.24963   0.24939   0.24994   0.24973   0.24936
   0.24967   0.24958   0.24998   0.24974   0.24953
   0.24961   0.24966   0.25000   0.24967   0.24960
   0.24949   0.24959   0.25000   0.24956   0.24951

g =

   0.24952   0.24928   0.24995   0.24963   0.24923
   0.24963   0.24939   0.24994   0.24973   0.24936
   0.24967   0.24958   0.24998   0.24974   0.24953
   0.24961   0.24966   0.25000   0.24967   0.24960
   0.24949   0.24959   0.25000   0.24956   0.24951

g =

   0.24952   0.24928   0.24995   0.24963   0.24923
   0.24963   0.24939   0.24994   0.24973   0.24936
   0.24967   0.24958   0.24998   0.24974   0.24953
   0.24961   0.24966   0.25000   0.24967   0.24960
   0.24949   0.24959   0.25000   0.24956   0.24951

g =

   0.24952   0.24928   0.24995   0.24963   0.24923
   0.24963   0.24939   0.24994   0.24973   0.24936
   0.24967   0.24958   0.24998   0.24974   0.24953
   0.24961   0.24966   0.25000   0.24967   0.24960
   0.24949   0.24959   0.25000   0.24956   0.24951

g =

   0.24952   0.24928   0.24995   0.24963   0.24923
   0.24963   0.24939   0.24994   0.24973   0.24936
   0.24967   0.24958   0.24998   0.24974   0.24953
   0.24961   0.24966   0.25000   0.24967   0.24960
   0.24949   0.24959   0.25000   0.24956   0.24951

g =

   0.24952   0.24928   0.24995   0.24963   0.24923
   0.24963   0.24939   0.24994   0.24973   0.24936
   0.24967   0.24958   0.24998   0.24974   0.24953
   0.24961   0.24966   0.25000   0.24967   0.24960
   0.24949   0.24959   0.25000   0.24956   0.24951

g =

   0.24952   0.24928   0.24995   0.24963   0.24923
   0.24963   0.24939   0.24994   0.24973   0.24936
   0.24967   0.24958   0.24998   0.24974   0.24953
   0.24961   0.24966   0.25000   0.24967   0.24960
   0.24949   0.24959   0.25000   0.24956   0.24951

g =

   0.24952   0.24928   0.24995   0.24963   0.24923
   0.24963   0.24939   0.24994   0.24973   0.24936
   0.24967   0.24958   0.24998   0.24974   0.24953
   0.24961   0.24966   0.25000   0.24967   0.24960
   0.24949   0.24959   0.25000   0.24956   0.24951

g =

   0.24952   0.24928   0.24995   0.24963   0.24923
   0.24963   0.24939   0.24994   0.24973   0.24936
   0.24967   0.24958   0.24998   0.24974   0.24953
   0.24961   0.24966   0.25000   0.24967   0.24960
   0.24949   0.24959   0.25000   0.24956   0.24951

g =

   0.24952   0.24928   0.24995   0.24963   0.24923
   0.24963   0.24939   0.24994   0.24973   0.24936
   0.24967   0.24958   0.24998   0.24974   0.24953
   0.24961   0.24966   0.25000   0.24967   0.24960
   0.24949   0.24959   0.25000   0.24956   0.24951

g =

   0.24952   0.24928   0.24995   0.24963   0.24923
   0.24963   0.24939   0.24994   0.24973   0.24936
   0.24967   0.24958   0.24998   0.24974   0.24953
   0.24961   0.24966   0.25000   0.24967   0.24960
   0.24949   0.24959   0.25000   0.24956   0.24951

g =

   0.24952   0.24928   0.24995   0.24963   0.24923
   0.24963   0.24939   0.24994   0.24973   0.24936
   0.24967   0.24958   0.24998   0.24974   0.24953
   0.24961   0.24966   0.25000   0.24967   0.24960
   0.24949   0.24959   0.25000   0.24956   0.24951

g =

   0.24952   0.24928   0.24995   0.24963   0.24923
   0.24963   0.24939   0.24994   0.24973   0.24936
   0.24967   0.24958   0.24998   0.24974   0.24953
   0.24961   0.24966   0.25000   0.24967   0.24960
   0.24949   0.24959   0.25000   0.24956   0.24951

g =

   0.24952   0.24928   0.24995   0.24963   0.24923
   0.24963   0.24939   0.24994   0.24973   0.24936
   0.24967   0.24958   0.24998   0.24974   0.24953
   0.24961   0.24966   0.25000   0.24967   0.24960
   0.24949   0.24959   0.25000   0.24956   0.24951

g =

   0.24952   0.24928   0.24995   0.24963   0.24923
   0.24963   0.24939   0.24994   0.24973   0.24936
   0.24967   0.24958   0.24998   0.24974   0.24953
   0.24961   0.24966   0.25000   0.24967   0.24960
   0.24949   0.24959   0.25000   0.24956   0.24951

g =

   0.24952   0.24928   0.24995   0.24963   0.24923
   0.24963   0.24939   0.24994   0.24973   0.24936
   0.24967   0.24958   0.24998   0.24974   0.24953
   0.24961   0.24966   0.25000   0.24967   0.24960
   0.24949   0.24959   0.25000   0.24956   0.24951

g =

   0.24952   0.24928   0.24995   0.24963   0.24923
   0.24963   0.24939   0.24994   0.24973   0.24936
   0.24967   0.24958   0.24998   0.24974   0.24953
   0.24961   0.24966   0.25000   0.24967   0.24960
   0.24949   0.24959   0.25000   0.24956   0.24951

g =

   0.24952   0.24928   0.24995   0.24963   0.24923
   0.24963   0.24939   0.24994   0.24973   0.24936
   0.24967   0.24958   0.24998   0.24974   0.24953
   0.24961   0.24966   0.25000   0.24967   0.24960
   0.24949   0.24959   0.25000   0.24956   0.24951

g =

   0.24952   0.24928   0.24995   0.24963   0.24923
   0.24963   0.24939   0.24994   0.24973   0.24936
   0.24967   0.24958   0.24998   0.24974   0.24953
   0.24961   0.24966   0.25000   0.24967   0.24960
   0.24949   0.24959   0.25000   0.24956   0.24951

g =

   0.24952   0.24928   0.24995   0.24963   0.24923
   0.24963   0.24939   0.24994   0.24973   0.24936
   0.24967   0.24958   0.24998   0.24974   0.24953
   0.24961   0.24966   0.25000   0.24967   0.24960
   0.24949   0.24959   0.25000   0.24956   0.24951

g =

   0.24952   0.24928   0.24995   0.24963   0.24923
   0.24963   0.24939   0.24994   0.24973   0.24936
   0.24967   0.24958   0.24998   0.24974   0.24953
   0.24961   0.24966   0.25000   0.24967   0.24960
   0.24949   0.24959   0.25000   0.24956   0.24951

g =

   0.24952   0.24928   0.24995   0.24963   0.24923
   0.24963   0.24939   0.24994   0.24973   0.24936
   0.24967   0.24958   0.24998   0.24974   0.24953
   0.24961   0.24966   0.25000   0.24967   0.24960
   0.24949   0.24959   0.25000   0.24956   0.24951

g =

   0.24952   0.24928   0.24995   0.24963   0.24923
   0.24963   0.24939   0.24994   0.24973   0.24936
   0.24967   0.24958   0.24998   0.24974   0.24953
   0.24961   0.24966   0.25000   0.24967   0.24960
   0.24949   0.24959   0.25000   0.24956   0.24951

g =

   0.24952   0.24928   0.24995   0.24963   0.24923
   0.24963   0.24939   0.24994   0.24973   0.24936
   0.24967   0.24958   0.24998   0.24974   0.24953
   0.24961   0.24966   0.25000   0.24967   0.24960
   0.24949   0.24959   0.25000   0.24956   0.24951

g =

   0.24952   0.24928   0.24995   0.24963   0.24923
   0.24963   0.24939   0.24994   0.24973   0.24936
   0.24967   0.24958   0.24998   0.24974   0.24953
   0.24961   0.24966   0.25000   0.24967   0.24960
   0.24949   0.24959   0.25000   0.24956   0.24951

  -3.8978e-02  -9.7281e-03
   3.7536e-02   9.3654e-03
  -3.5342e-02  -8.8345e-03
   3.2440e-02   8.0997e-03
  -2.8890e-02  -7.2075e-03
  -2.0330e-05  -5.2751e-06
   6.7545e-05   1.6578e-05
  -1.1341e-04  -2.8288e-05
   1.5700e-04   3.9338e-05
  -1.9745e-04  -4.9148e-05
  -7.4588e-04  -1.8634e-04
   9.8154e-04   2.4482e-04
  -1.1976e-03  -2.9934e-04
   1.3896e-03   3.4711e-04
  -1.5539e-03  -3.8770e-04
  -4.0282e-04  -1.0044e-04
   4.8931e-04   1.2232e-04
  -5.6600e-04  -1.4153e-04
   6.3136e-04   1.5759e-04
  -6.8409e-04  -1.7080e-04
   3.2065e-01   3.2065e-01
   1.2304e-01   1.2304e-01
   1.0425e-01   1.0425e-01
   2.7786e-02   2.7786e-02
   9.1587e-03   9.1587e-03
   7.5883e-03   7.5883e-03
   2.9748e-02   2.9748e-02
   1.0105e-02   1.0105e-02
   8.8264e-03   8.8264e-03
   4.3590e-03   4.3590e-03
   1.7603e-03   1.7603e-03
   1.9495e-03   1.9495e-03
  -2.5037e-02  -2.5037e-02
  -8.2024e-03  -8.2024e-03
  -6.7197e-03  -6.7197e-03
  -3.1414e-02  -3.1414e-02
  -1.0624e-02  -1.0624e-02
  -9.2109e-03  -9.2109e-03
The above two columns you get should be very similar.
(Left-Your Numerical Gradient, Right-Analytical Gradient)

If your backpropagation implementation is correct, then 
the relative difference will be small (less than 1e-9). 

Relative Difference: 0.0795386
